
t = 1

"1" -1 0 0 0 0 0 0 0 1
"2" 0 -1 0 0 0 0 1 0 0
"3" 0 0 -1 1 0 0 0 0 0
"4" 0 0 1 -1 0 0 0 0 0
"5" 0 0 0 0 -1 0 0 1 0
"6" 0 0 0 0 0 -1 0 0 0
"7" 0 1 0 0 0 0 -1 0 0
"8" 0 0 0 0 1 0 0 -1 0
"9" 1 0 0 0 0 0 0 0 -1

t = 2

"1" -1 1 0 0 0 0 0 0 0
"2" 1 -1 0 0 0 0 3 0 0
"3" 0 0 -1 3 1 0 0 0 0
"4" 0 0 3 -1 0 0 0 0 0
"5" 0 0 1 0 -1 0 0 3 0
"6" 0 0 0 0 0 -1 0 1 0
"7" 0 3 0 0 0 0 -1 0 1
"8" 0 0 0 0 3 1 0 -1 0
"9" 0 0 0 0 0 0 1 0 -1

t = 3

"1" -1 1 0 0 0 0 0 0 0
"2" 1 -1 0 0 0 0 3 0 0
"3" 0 0 -1 3 0 0 0 0 1
"4" 0 0 3 -1 1 0 0 0 0
"5" 0 0 0 1 -1 0 0 3 0
"6" 0 0 0 0 0 -1 0 1 0
"7" 0 3 0 0 0 0 -1 0 0
"8" 0 0 0 0 3 1 0 -1 0
"9" 0 0 1 0 0 0 0 0 -1

t = 4

"1" -1 0 0 0 0 1 0 0 0
"2" 0 -1 0 1 0 0 3 0 0
"3" 0 0 -1 3 0 0 0 1 0
"4" 0 1 3 -1 3 0 0 0 0
"5" 0 0 0 3 -1 0 0 3 1
"6" 1 0 0 0 0 -1 0 0 0
"7" 0 3 0 0 0 0 -1 0 0
"8" 0 0 1 0 3 0 0 -1 0
"9" 0 0 0 0 1 0 0 0 -1

t = 5

"1" -1 0 0 0 0 0 0 0 0
"2" 0 -1 0 0 0 0 3 0 1
"3" 0 0 -1 3 1 0 0 3 0
"4" 0 0 3 -1 3 1 0 0 0
"5" 0 0 1 3 -1 0 0 3 0
"6" 0 0 0 1 0 -1 0 0 0
"7" 0 3 0 0 0 0 -1 1 0
"8" 0 0 3 0 3 0 1 -1 0
"9" 0 1 0 0 0 0 0 0 -1

t = 6

"1" -1 0 0 0 0 1 0 0 0
"2" 0 -1 0 1 0 0 3 0 0
"3" 0 0 -1 3 1 0 0 3 0
"4" 0 1 3 -1 3 0 0 0 0
"5" 0 0 1 3 -1 0 0 3 0
"6" 1 0 0 0 0 -1 0 0 0
"7" 0 3 0 0 0 0 -1 1 0
"8" 0 0 3 0 3 0 1 -1 0
"9" 0 0 0 0 0 0 0 0 -1

t = 7

"1" -1 0 1 0 0 0 0 0 0
"2" 0 -1 0 0 0 0 3 1 0
"3" 1 0 -1 3 0 0 0 3 0
"4" 0 0 3 -1 3 0 0 0 1
"5" 0 0 0 3 -1 0 0 3 0
"6" 0 0 0 0 0 -1 1 0 0
"7" 0 3 0 0 0 1 -1 0 0
"8" 0 1 3 0 3 0 0 -1 0
"9" 0 0 0 1 0 0 0 0 -1

t = 8

"1" -1 0 0 1 0 0 0 0 0
"2" 0 -1 0 0 1 0 3 3 0
"3" 0 0 -1 3 0 0 0 3 0
"4" 1 0 3 -1 3 0 0 0 3
"5" 0 1 0 3 -1 0 0 3 0
"6" 0 0 0 0 0 -1 3 1 0
"7" 0 3 0 0 0 3 -1 0 1
"8" 0 3 3 0 3 1 0 -1 0
"9" 0 0 0 3 0 0 1 0 -1

t = 9

"1" -1 1 0 0 0 0 0 0 0
"2" 1 -1 0 0 3 0 3 3 0
"3" 0 0 -1 3 0 0 1 3 0
"4" 0 0 3 -1 3 0 0 1 3
"5" 0 3 0 3 -1 0 0 3 0
"6" 0 0 0 0 0 -1 3 0 1
"7" 0 3 1 0 0 3 -1 0 0
"8" 0 3 3 1 3 0 0 -1 0
"9" 0 0 0 3 0 1 0 0 -1

t = 10

"1" -1 0 0 1 0 0 0 0 0
"2" 0 -1 1 0 3 0 3 3 0
"3" 0 1 -1 3 0 0 3 3 0
"4" 1 0 3 -1 3 0 0 0 3
"5" 0 3 0 3 -1 0 1 3 0
"6" 0 0 0 0 0 -1 3 0 1
"7" 0 3 3 0 1 3 -1 0 0
"8" 0 3 3 0 3 0 0 -1 0
"9" 0 0 0 3 0 1 0 0 -1

t = 11

"1" -1 0 0 0 0 0 0 1 0
"2" 0 -1 0 0 3 1 3 3 0
"3" 0 0 -1 3 0 0 3 3 1
"4" 0 0 3 -1 3 0 1 0 3
"5" 0 3 0 3 -1 0 3 3 0
"6" 0 1 0 0 0 -1 3 0 0
"7" 0 3 3 1 3 3 -1 0 0
"8" 1 3 3 0 3 0 0 -1 0
"9" 0 0 1 3 0 0 0 0 -1

t = 12

"1" -1 0 0 0 0 0 1 0 0
"2" 0 -1 0 0 3 0 3 3 0
"3" 0 0 -1 3 0 1 3 3 0
"4" 0 0 3 -1 3 0 0 1 3
"5" 0 3 0 3 -1 0 3 3 1
"6" 0 0 1 0 0 -1 3 0 0
"7" 1 3 3 0 3 3 -1 0 0
"8" 0 3 3 1 3 0 0 -1 0
"9" 0 0 0 3 1 0 0 0 -1

t = 13

"1" -1 0 0 0 0 0 0 0 1
"2" 0 -1 0 0 3 1 3 3 0
"3" 0 0 -1 3 0 3 3 3 0
"4" 0 0 3 -1 3 0 0 0 3
"5" 0 3 0 3 -1 0 3 3 0
"6" 0 1 3 0 0 -1 3 0 0
"7" 0 3 3 0 3 3 -1 1 0
"8" 0 3 3 0 3 0 1 -1 0
"9" 1 0 0 3 0 0 0 0 -1

t = 14

"1" -1 0 0 0 1 0 0 0 0
"2" 0 -1 0 0 3 1 3 3 0
"3" 0 0 -1 3 0 3 3 3 1
"4" 0 0 3 -1 3 0 0 1 3
"5" 1 3 0 3 -1 0 3 3 0
"6" 0 1 3 0 0 -1 3 0 0
"7" 0 3 3 0 3 3 -1 0 0
"8" 0 3 3 1 3 0 0 -1 0
"9" 0 0 1 3 0 0 0 0 -1

t = 15

"1" -1 0 1 0 0 0 0 0 0
"2" 0 -1 0 1 3 0 3 3 0
"3" 1 0 -1 3 0 3 3 3 0
"4" 0 1 3 -1 3 0 0 0 3
"5" 0 3 0 3 -1 1 3 3 0
"6" 0 0 3 0 1 -1 3 0 0
"7" 0 3 3 0 3 3 -1 0 0
"8" 0 3 3 0 3 0 0 -1 1
"9" 0 0 0 3 0 0 0 1 -1

t = 16

"1" -1 0 0 1 0 0 0 0 0
"2" 0 -1 1 0 3 0 3 3 0
"3" 0 1 -1 3 0 3 3 3 0
"4" 1 0 3 -1 3 0 0 0 3
"5" 0 3 0 3 -1 3 3 3 0
"6" 0 0 3 0 3 -1 3 0 0
"7" 0 3 3 0 3 3 -1 0 1
"8" 0 3 3 0 3 0 0 -1 0
"9" 0 0 0 3 0 0 1 0 -1

t = 17

"1" -1 0 1 0 0 0 0 0 0
"2" 0 -1 0 0 3 0 3 3 0
"3" 1 0 -1 3 0 3 3 3 0
"4" 0 0 3 -1 3 0 1 0 3
"5" 0 3 0 3 -1 3 3 3 1
"6" 0 0 3 0 3 -1 3 0 0
"7" 0 3 3 1 3 3 -1 0 0
"8" 0 3 3 0 3 0 0 -1 0
"9" 0 0 0 3 1 0 0 0 -1

t = 18

"1" -1 0 0 0 0 0 0 1 0
"2" 0 -1 1 0 3 0 3 3 0
"3" 0 1 -1 3 0 3 3 3 0
"4" 0 0 3 -1 3 0 1 0 3
"5" 0 3 0 3 -1 3 3 3 0
"6" 0 0 3 0 3 -1 3 0 1
"7" 0 3 3 1 3 3 -1 0 0
"8" 1 3 3 0 3 0 0 -1 0
"9" 0 0 0 3 0 1 0 0 -1

t = 19

"1" -1 0 0 0 1 0 0 0 0
"2" 0 -1 0 0 3 0 3 3 0
"3" 0 0 -1 3 0 3 3 3 0
"4" 0 0 3 -1 3 1 0 0 3
"5" 1 3 0 3 -1 3 3 3 0
"6" 0 0 3 1 3 -1 3 0 0
"7" 0 3 3 0 3 3 -1 0 0
"8" 0 3 3 0 3 0 0 -1 1
"9" 0 0 0 3 0 0 0 1 -1

t = 20

"1" -1 0 0 0 0 0 1 0 0
"2" 0 -1 0 0 3 0 3 3 1
"3" 0 0 -1 3 0 3 3 3 0
"4" 0 0 3 -1 3 1 0 0 3
"5" 0 3 0 3 -1 3 3 3 0
"6" 0 0 3 1 3 -1 3 0 0
"7" 1 3 3 0 3 3 -1 0 0
"8" 0 3 3 0 3 0 0 -1 0
"9" 0 1 0 3 0 0 0 0 -1

t = 21

"1" -1 0 0 0 1 0 0 0 0
"2" 0 -1 0 0 3 0 3 3 0
"3" 0 0 -1 3 0 3 3 3 0
"4" 0 0 3 -1 3 0 0 0 3
"5" 1 3 0 3 -1 3 3 3 0
"6" 0 0 3 0 3 -1 3 0 0
"7" 0 3 3 0 3 3 -1 0 0
"8" 0 3 3 0 3 0 0 -1 1
"9" 0 0 0 3 0 0 0 1 -1

t = 22

"1" -1 0 0 0 0 1 0 0 0
"2" 0 -1 0 0 3 0 3 3 1
"3" 0 0 -1 3 0 3 3 3 0
"4" 0 0 3 -1 3 0 0 0 3
"5" 0 3 0 3 -1 3 3 3 0
"6" 1 0 3 0 3 -1 3 0 0
"7" 0 3 3 0 3 3 -1 0 0
"8" 0 3 3 0 3 0 0 -1 0
"9" 0 1 0 3 0 0 0 0 -1

t = 23

"1" -1 0 0 0 0 0 0 1 0
"2" 0 -1 0 0 3 0 3 3 0
"3" 0 0 -1 3 0 3 3 3 0
"4" 0 0 3 -1 3 0 0 0 3
"5" 0 3 0 3 -1 3 3 3 0
"6" 0 0 3 0 3 -1 3 0 0
"7" 0 3 3 0 3 3 -1 0 0
"8" 1 3 3 0 3 0 0 -1 0
"9" 0 0 0 3 0 0 0 0 -1

t = 24

"1" -1 0 0 0 0 0 0 0 1
"2" 0 -1 0 0 3 0 3 3 0
"3" 0 0 -1 3 0 3 3 3 0
"4" 0 0 3 -1 3 0 0 0 3
"5" 0 3 0 3 -1 3 3 3 0
"6" 0 0 3 0 3 -1 3 0 0
"7" 0 3 3 0 3 3 -1 0 0
"8" 0 3 3 0 3 0 0 -1 0
"9" 1 0 0 3 0 0 0 0 -1

t = 25

"1" -1 0 0 0 0 0 1 0 0
"2" 0 -1 0 0 3 0 3 3 0
"3" 0 0 -1 3 0 3 3 3 0
"4" 0 0 3 -1 3 0 0 0 3
"5" 0 3 0 3 -1 3 3 3 0
"6" 0 0 3 0 3 -1 3 0 0
"7" 1 3 3 0 3 3 -1 0 0
"8" 0 3 3 0 3 0 0 -1 0
"9" 0 0 0 3 0 0 0 0 -1

t = 26

"1" -1 0 0 0 0 0 0 0 0
"2" 0 -1 0 0 3 0 3 3 0
"3" 0 0 -1 3 0 3 3 3 0
"4" 0 0 3 -1 3 0 0 0 3
"5" 0 3 0 3 -1 3 3 3 0
"6" 0 0 3 0 3 -1 3 0 0
"7" 0 3 3 0 3 3 -1 0 0
"8" 0 3 3 0 3 0 0 -1 0
"9" 0 0 0 3 0 0 0 0 -1

t = 27

"1" -1 0 0 0 0 0 0 0 0
"2" 0 -1 0 0 3 0 3 3 0
"3" 0 0 -1 3 0 3 3 3 0
"4" 0 0 3 -1 3 0 0 0 3
"5" 0 3 0 3 -1 3 3 3 0
"6" 0 0 3 0 3 -1 3 0 0
"7" 0 3 3 0 3 3 -1 0 0
"8" 0 3 3 0 3 0 0 -1 0
"9" 0 0 0 3 0 0 0 0 -1

t = 28

"1" -1 0 0 0 0 0 0 0 0
"2" 0 -1 0 0 3 0 3 3 0
"3" 0 0 -1 3 0 3 3 3 0
"4" 0 0 3 -1 3 0 0 0 3
"5" 0 3 0 3 -1 3 3 3 0
"6" 0 0 3 0 3 -1 3 0 0
"7" 0 3 3 0 3 3 -1 0 0
"8" 0 3 3 0 3 0 0 -1 0
"9" 0 0 0 3 0 0 0 0 -1

t = 29

"1" -1 0 0 0 0 0 0 0 0
"2" 0 -1 0 0 3 0 3 3 0
"3" 0 0 -1 3 0 3 3 3 0
"4" 0 0 3 -1 3 0 0 0 3
"5" 0 3 0 3 -1 3 3 3 0
"6" 0 0 3 0 3 -1 3 0 0
"7" 0 3 3 0 3 3 -1 0 0
"8" 0 3 3 0 3 0 0 -1 0
"9" 0 0 0 3 0 0 0 0 -1

t = 30

"1" -1 0 0 0 0 0 0 0 0
"2" 0 -1 0 0 3 0 3 3 0
"3" 0 0 -1 3 0 3 3 3 0
"4" 0 0 3 -1 3 0 0 0 3
"5" 0 3 0 3 -1 3 3 3 0
"6" 0 0 3 0 3 -1 3 0 0
"7" 0 3 3 0 3 3 -1 0 0
"8" 0 3 3 0 3 0 0 -1 0
"9" 0 0 0 3 0 0 0 0 -1

t = 31

"1" -1 0 0 0 0 0 0 0 0
"2" 0 -1 0 0 3 0 3 3 0
"3" 0 0 -1 3 0 3 3 3 0
"4" 0 0 3 -1 3 0 0 0 3
"5" 0 3 0 3 -1 3 3 3 0
"6" 0 0 3 0 3 -1 3 0 0
"7" 0 3 3 0 3 3 -1 0 0
"8" 0 3 3 0 3 0 0 -1 0
"9" 0 0 0 3 0 0 0 0 -1

t = 32

"1" -1 0 0 0 0 0 0 0 0
"2" 0 -1 0 0 3 0 3 3 0
"3" 0 0 -1 3 0 3 3 3 0
"4" 0 0 3 -1 3 0 0 0 3
"5" 0 3 0 3 -1 3 3 3 0
"6" 0 0 3 0 3 -1 3 0 0
"7" 0 3 3 0 3 3 -1 0 0
"8" 0 3 3 0 3 0 0 -1 0
"9" 0 0 0 3 0 0 0 0 -1

t = 33

"1" -1 0 0 0 0 0 0 0 0
"2" 0 -1 0 0 3 0 3 3 0
"3" 0 0 -1 3 0 3 3 3 0
"4" 0 0 3 -1 3 0 0 0 3
"5" 0 3 0 3 -1 3 3 3 0
"6" 0 0 3 0 3 -1 3 0 0
"7" 0 3 3 0 3 3 -1 0 0
"8" 0 3 3 0 3 0 0 -1 0
"9" 0 0 0 3 0 0 0 0 -1

t = 34

"1" -1 0 0 0 0 0 0 0 0
"2" 0 -1 0 0 3 0 3 3 0
"3" 0 0 -1 3 0 3 3 3 0
"4" 0 0 3 -1 3 0 0 0 3
"5" 0 3 0 3 -1 3 3 3 0
"6" 0 0 3 0 3 -1 3 0 0
"7" 0 3 3 0 3 3 -1 0 0
"8" 0 3 3 0 3 0 0 -1 0
"9" 0 0 0 3 0 0 0 0 -1

t = 35

"1" -1 0 0 0 0 0 0 0 0
"2" 0 -1 0 0 3 0 3 3 0
"3" 0 0 -1 3 0 3 3 3 0
"4" 0 0 3 -1 3 0 0 0 3
"5" 0 3 0 3 -1 3 3 3 0
"6" 0 0 3 0 3 -1 3 0 0
"7" 0 3 3 0 3 3 -1 0 0
"8" 0 3 3 0 3 0 0 -1 0
"9" 0 0 0 3 0 0 0 0 -1

t = 36

"1" -1 0 0 0 0 0 0 0 0
"2" 0 -1 0 0 3 0 3 3 0
"3" 0 0 -1 3 0 3 3 3 0
"4" 0 0 3 -1 3 0 0 0 3
"5" 0 3 0 3 -1 3 3 3 0
"6" 0 0 3 0 3 -1 3 0 0
"7" 0 3 3 0 3 3 -1 0 0
"8" 0 3 3 0 3 0 0 -1 0
"9" 0 0 0 3 0 0 0 0 -1

t = 37

"1" -1 0 0 0 0 0 0 0 0
"2" 0 -1 0 0 3 0 3 3 0
"3" 0 0 -1 3 0 3 3 3 0
"4" 0 0 3 -1 3 0 0 0 3
"5" 0 3 0 3 -1 3 3 3 0
"6" 0 0 3 0 3 -1 3 0 0
"7" 0 3 3 0 3 3 -1 0 0
"8" 0 3 3 0 3 0 0 -1 0
"9" 0 0 0 3 0 0 0 0 -1

t = 38

"1" -1 0 0 0 0 0 0 0 0
"2" 0 -1 0 0 3 0 3 3 0
"3" 0 0 -1 3 0 3 3 3 0
"4" 0 0 3 -1 3 0 0 0 3
"5" 0 3 0 3 -1 3 3 3 0
"6" 0 0 3 0 3 -1 3 0 0
"7" 0 3 3 0 3 3 -1 0 0
"8" 0 3 3 0 3 0 0 -1 0
"9" 0 0 0 3 0 0 0 0 -1

t = 39

"1" -1 0 0 0 0 0 0 0 0
"2" 0 -1 0 0 3 0 3 3 0
"3" 0 0 -1 3 0 3 3 3 0
"4" 0 0 3 -1 3 0 0 0 3
"5" 0 3 0 3 -1 3 3 3 0
"6" 0 0 3 0 3 -1 3 0 0
"7" 0 3 3 0 3 3 -1 0 0
"8" 0 3 3 0 3 0 0 -1 0
"9" 0 0 0 3 0 0 0 0 -1

t = 40

"1" -1 0 0 0 0 0 0 0 0
"2" 0 -1 0 0 3 0 3 3 0
"3" 0 0 -1 3 0 3 3 3 0
"4" 0 0 3 -1 3 0 0 0 3
"5" 0 3 0 3 -1 3 3 3 0
"6" 0 0 3 0 3 -1 3 0 0
"7" 0 3 3 0 3 3 -1 0 0
"8" 0 3 3 0 3 0 0 -1 0
"9" 0 0 0 3 0 0 0 0 -1

t = 41

"1" -1 0 0 0 0 0 0 0 0
"2" 0 -1 0 0 3 0 3 3 0
"3" 0 0 -1 3 0 3 3 3 0
"4" 0 0 3 -1 3 0 0 0 3
"5" 0 3 0 3 -1 3 3 3 0
"6" 0 0 3 0 3 -1 3 0 0
"7" 0 3 3 0 3 3 -1 0 0
"8" 0 3 3 0 3 0 0 -1 0
"9" 0 0 0 3 0 0 0 0 -1

t = 42

"1" -1 0 0 0 0 0 0 0 0
"2" 0 -1 0 0 3 0 3 3 0
"3" 0 0 -1 3 0 3 3 3 0
"4" 0 0 3 -1 3 0 0 0 3
"5" 0 3 0 3 -1 3 3 3 0
"6" 0 0 3 0 3 -1 3 0 0
"7" 0 3 3 0 3 3 -1 0 0
"8" 0 3 3 0 3 0 0 -1 0
"9" 0 0 0 3 0 0 0 0 -1

t = 43

"1" -1 0 0 0 0 0 0 0 0
"2" 0 -1 0 0 3 0 3 3 0
"3" 0 0 -1 3 0 3 3 3 0
"4" 0 0 3 -1 3 0 0 0 3
"5" 0 3 0 3 -1 3 3 3 0
"6" 0 0 3 0 3 -1 3 0 0
"7" 0 3 3 0 3 3 -1 0 0
"8" 0 3 3 0 3 0 0 -1 0
"9" 0 0 0 3 0 0 0 0 -1

t = 44

"1" -1 0 0 0 0 0 0 0 0
"2" 0 -1 0 0 3 0 3 3 0
"3" 0 0 -1 3 0 3 3 3 0
"4" 0 0 3 -1 3 0 0 0 3
"5" 0 3 0 3 -1 3 3 3 0
"6" 0 0 3 0 3 -1 3 0 0
"7" 0 3 3 0 3 3 -1 0 0
"8" 0 3 3 0 3 0 0 -1 0
"9" 0 0 0 3 0 0 0 0 -1

t = 45

"1" -1 0 0 0 0 0 0 0 0
"2" 0 -1 0 0 3 0 3 3 0
"3" 0 0 -1 3 0 3 3 3 0
"4" 0 0 3 -1 3 0 0 0 3
"5" 0 3 0 3 -1 3 3 3 0
"6" 0 0 3 0 3 -1 3 0 0
"7" 0 3 3 0 3 3 -1 0 0
"8" 0 3 3 0 3 0 0 -1 0
"9" 0 0 0 3 0 0 0 0 -1

t = 46

"1" -1 0 0 0 0 0 0 0 0
"2" 0 -1 0 0 3 0 3 3 0
"3" 0 0 -1 3 0 3 3 3 0
"4" 0 0 3 -1 3 0 0 0 3
"5" 0 3 0 3 -1 3 3 3 0
"6" 0 0 3 0 3 -1 3 0 0
"7" 0 3 3 0 3 3 -1 0 0
"8" 0 3 3 0 3 0 0 -1 0
"9" 0 0 0 3 0 0 0 0 -1

t = 47

"1" -1 0 0 0 0 0 0 0 0
"2" 0 -1 0 0 3 0 3 3 0
"3" 0 0 -1 3 0 3 3 3 0
"4" 0 0 3 -1 3 0 0 0 3
"5" 0 3 0 3 -1 3 3 3 0
"6" 0 0 3 0 3 -1 3 0 0
"7" 0 3 3 0 3 3 -1 0 0
"8" 0 3 3 0 3 0 0 -1 0
"9" 0 0 0 3 0 0 0 0 -1

t = 48

"1" -1 0 0 0 0 0 0 0 0
"2" 0 -1 0 0 3 0 3 3 0
"3" 0 0 -1 3 0 3 3 3 0
"4" 0 0 3 -1 3 0 0 0 3
"5" 0 3 0 3 -1 3 3 3 0
"6" 0 0 3 0 3 -1 3 0 0
"7" 0 3 3 0 3 3 -1 0 0
"8" 0 3 3 0 3 0 0 -1 0
"9" 0 0 0 3 0 0 0 0 -1

t = 49

"1" -1 0 0 0 0 0 0 0 0
"2" 0 -1 0 0 3 0 3 3 0
"3" 0 0 -1 3 0 3 3 3 0
"4" 0 0 3 -1 3 0 0 0 3
"5" 0 3 0 3 -1 3 3 3 0
"6" 0 0 3 0 3 -1 3 0 0
"7" 0 3 3 0 3 3 -1 0 0
"8" 0 3 3 0 3 0 0 -1 0
"9" 0 0 0 3 0 0 0 0 -1

t = 50

"1" -1 0 0 0 0 0 0 0 0
"2" 0 -1 0 0 3 0 3 3 0
"3" 0 0 -1 3 0 3 3 3 0
"4" 0 0 3 -1 3 0 0 0 3
"5" 0 3 0 3 -1 3 3 3 0
"6" 0 0 3 0 3 -1 3 0 0
"7" 0 3 3 0 3 3 -1 0 0
"8" 0 3 3 0 3 0 0 -1 0
"9" 0 0 0 3 0 0 0 0 -1
