
t = 1

"1" -1 0 0 0 0 0 0 0 0
"2" 0 -1 0 0 0 0 0 1 0
"3" 0 0 -1 0 0 0 1 0 0
"4" 0 0 0 -1 1 0 0 0 0
"5" 0 0 0 1 -1 0 0 0 0
"6" 0 0 0 0 0 -1 0 0 1
"7" 0 0 1 0 0 0 -1 0 0
"8" 0 1 0 0 0 0 0 -1 0
"9" 0 0 0 0 0 1 0 0 -1

t = 2

"1" -1 0 0 0 0 1 0 0 0
"2" 0 -1 0 0 1 0 0 2 0
"3" 0 0 -1 0 0 0 3 1 0
"4" 0 0 0 -1 2 0 0 0 0
"5" 0 1 0 2 -1 0 0 0 0
"6" 1 0 0 0 0 -1 0 0 2
"7" 0 0 3 0 0 0 -1 0 1
"8" 0 2 1 0 0 0 0 -1 0
"9" 0 0 0 0 0 2 1 0 -1

t = 3

"1" -1 0 0 0 1 3 0 0 0
"2" 0 -1 0 0 2 1 0 2 0
"3" 0 0 -1 0 0 0 3 2 1
"4" 0 0 0 -1 2 0 1 0 0
"5" 1 2 0 2 -1 0 0 0 0
"6" 3 1 0 0 0 -1 0 0 2
"7" 0 0 3 1 0 0 -1 0 2
"8" 0 2 2 0 0 0 0 -1 0
"9" 0 0 1 0 0 2 2 0 -1

t = 4

"1" -1 0 1 0 2 3 0 0 0
"2" 0 -1 0 0 2 3 0 2 0
"3" 1 0 -1 0 0 0 3 2 2
"4" 0 0 0 -1 2 0 3 0 1
"5" 2 2 0 2 -1 0 0 1 0
"6" 3 3 0 0 0 -1 1 0 2
"7" 0 0 3 3 0 1 -1 0 2
"8" 0 2 2 0 1 0 0 -1 0
"9" 0 0 2 1 0 2 2 0 -1

t = 5

"1" -1 0 3 0 2 3 1 0 0
"2" 0 -1 0 0 2 3 0 2 1
"3" 3 0 -1 0 1 0 3 2 2
"4" 0 0 0 -1 2 0 3 1 2
"5" 2 2 1 2 -1 0 0 3 0
"6" 3 3 0 0 0 -1 3 0 2
"7" 1 0 3 3 0 3 -1 0 2
"8" 0 2 2 1 3 0 0 -1 0
"9" 0 1 2 2 0 2 2 0 -1

t = 6

"1" -1 0 3 0 2 3 3 0 0
"2" 0 -1 1 0 2 3 0 2 2
"3" 3 1 -1 0 2 0 3 2 2
"4" 0 0 0 -1 2 1 3 2 2
"5" 2 2 2 2 -1 0 1 3 0
"6" 3 3 0 1 0 -1 3 0 2
"7" 3 0 3 3 1 3 -1 0 2
"8" 0 2 2 2 3 0 0 -1 1
"9" 0 2 2 2 0 2 2 1 -1

t = 7

"1" -1 0 3 0 2 3 3 1 0
"2" 0 -1 3 0 2 3 1 2 2
"3" 3 3 -1 0 2 1 3 2 2
"4" 0 0 0 -1 2 3 3 2 2
"5" 2 2 2 2 -1 0 2 3 1
"6" 3 3 1 3 0 -1 3 0 2
"7" 3 1 3 3 2 3 -1 0 2
"8" 1 2 2 2 3 0 0 -1 3
"9" 0 2 2 2 1 2 2 3 -1

t = 8

"1" -1 0 3 1 2 3 3 2 0
"2" 0 -1 3 0 2 3 3 2 2
"3" 3 3 -1 0 2 3 3 2 2
"4" 1 0 0 -1 2 3 3 2 2
"5" 2 2 2 2 -1 1 2 3 3
"6" 3 3 3 3 1 -1 3 0 2
"7" 3 3 3 3 2 3 -1 1 2
"8" 2 2 2 2 3 0 1 -1 3
"9" 0 2 2 2 3 2 2 3 -1

t = 9

"1" -1 1 3 3 2 3 3 2 0
"2" 1 -1 3 0 2 3 3 2 2
"3" 3 3 -1 1 2 3 3 2 2
"4" 3 0 1 -1 2 3 3 2 2
"5" 2 2 2 2 -1 2 2 3 3
"6" 3 3 3 3 2 -1 3 1 2
"7" 3 3 3 3 2 3 -1 2 2
"8" 2 2 2 2 3 1 2 -1 3
"9" 0 2 2 2 3 2 2 3 -1

t = 10

"1" -1 3 3 3 2 3 3 2 1
"2" 3 -1 3 1 2 3 3 2 2
"3" 3 3 -1 3 2 3 3 2 2
"4" 3 1 3 -1 2 3 3 2 2
"5" 2 2 2 2 -1 2 2 3 3
"6" 3 3 3 3 2 -1 3 2 2
"7" 3 3 3 3 2 3 -1 2 2
"8" 2 2 2 2 3 2 2 -1 3
"9" 1 2 2 2 3 2 2 3 -1

t = 11

"1" -1 3 3 3 2 3 3 2 2
"2" 3 -1 3 3 2 3 3 2 2
"3" 3 3 -1 3 2 3 3 2 2
"4" 3 3 3 -1 2 3 3 2 2
"5" 2 2 2 2 -1 2 2 3 3
"6" 3 3 3 3 2 -1 3 2 2
"7" 3 3 3 3 2 3 -1 2 2
"8" 2 2 2 2 3 2 2 -1 3
"9" 2 2 2 2 3 2 2 3 -1

t = 12

"1" -1 3 3 3 2 3 3 2 2
"2" 3 -1 3 3 2 3 3 2 2
"3" 3 3 -1 3 2 3 3 2 2
"4" 3 3 3 -1 2 3 3 2 2
"5" 2 2 2 2 -1 2 2 3 3
"6" 3 3 3 3 2 -1 3 2 2
"7" 3 3 3 3 2 3 -1 2 2
"8" 2 2 2 2 3 2 2 -1 3
"9" 2 2 2 2 3 2 2 3 -1

t = 13

"1" -1 3 3 3 2 3 3 2 2
"2" 3 -1 3 3 2 3 3 2 2
"3" 3 3 -1 3 2 3 3 2 2
"4" 3 3 3 -1 2 3 3 2 2
"5" 2 2 2 2 -1 2 2 3 3
"6" 3 3 3 3 2 -1 3 2 2
"7" 3 3 3 3 2 3 -1 2 2
"8" 2 2 2 2 3 2 2 -1 3
"9" 2 2 2 2 3 2 2 3 -1

t = 14

"1" -1 3 3 3 2 3 3 2 2
"2" 3 -1 3 3 2 3 3 2 2
"3" 3 3 -1 3 2 3 3 2 2
"4" 3 3 3 -1 2 3 3 2 2
"5" 2 2 2 2 -1 2 2 3 3
"6" 3 3 3 3 2 -1 3 2 2
"7" 3 3 3 3 2 3 -1 2 2
"8" 2 2 2 2 3 2 2 -1 3
"9" 2 2 2 2 3 2 2 3 -1

t = 15

"1" -1 3 3 3 2 3 3 2 2
"2" 3 -1 3 3 2 3 3 2 2
"3" 3 3 -1 3 2 3 3 2 2
"4" 3 3 3 -1 2 3 3 2 2
"5" 2 2 2 2 -1 2 2 3 3
"6" 3 3 3 3 2 -1 3 2 2
"7" 3 3 3 3 2 3 -1 2 2
"8" 2 2 2 2 3 2 2 -1 3
"9" 2 2 2 2 3 2 2 3 -1

t = 16

"1" -1 3 3 3 2 3 3 2 2
"2" 3 -1 3 3 2 3 3 2 2
"3" 3 3 -1 3 2 3 3 2 2
"4" 3 3 3 -1 2 3 3 2 2
"5" 2 2 2 2 -1 2 2 3 3
"6" 3 3 3 3 2 -1 3 2 2
"7" 3 3 3 3 2 3 -1 2 2
"8" 2 2 2 2 3 2 2 -1 3
"9" 2 2 2 2 3 2 2 3 -1

t = 17

"1" -1 3 3 3 2 3 3 2 2
"2" 3 -1 3 3 2 3 3 2 2
"3" 3 3 -1 3 2 3 3 2 2
"4" 3 3 3 -1 2 3 3 2 2
"5" 2 2 2 2 -1 2 2 3 3
"6" 3 3 3 3 2 -1 3 2 2
"7" 3 3 3 3 2 3 -1 2 2
"8" 2 2 2 2 3 2 2 -1 3
"9" 2 2 2 2 3 2 2 3 -1

t = 18

"1" -1 3 3 3 2 3 3 2 2
"2" 3 -1 3 3 2 3 3 2 2
"3" 3 3 -1 3 2 3 3 2 2
"4" 3 3 3 -1 2 3 3 2 2
"5" 2 2 2 2 -1 2 2 3 3
"6" 3 3 3 3 2 -1 3 2 2
"7" 3 3 3 3 2 3 -1 2 2
"8" 2 2 2 2 3 2 2 -1 3
"9" 2 2 2 2 3 2 2 3 -1

t = 19

"1" -1 3 3 3 2 3 3 2 2
"2" 3 -1 3 3 2 3 3 2 2
"3" 3 3 -1 3 2 3 3 2 2
"4" 3 3 3 -1 2 3 3 2 2
"5" 2 2 2 2 -1 2 2 3 3
"6" 3 3 3 3 2 -1 3 2 2
"7" 3 3 3 3 2 3 -1 2 2
"8" 2 2 2 2 3 2 2 -1 3
"9" 2 2 2 2 3 2 2 3 -1

t = 20

"1" -1 3 3 3 2 3 3 2 2
"2" 3 -1 3 3 2 3 3 2 2
"3" 3 3 -1 3 2 3 3 2 2
"4" 3 3 3 -1 2 3 3 2 2
"5" 2 2 2 2 -1 2 2 3 3
"6" 3 3 3 3 2 -1 3 2 2
"7" 3 3 3 3 2 3 -1 2 2
"8" 2 2 2 2 3 2 2 -1 3
"9" 2 2 2 2 3 2 2 3 -1
